Imports Microsoft.VisualBasic

Namespace TohCommonCode
  Public Class CommonCode

public Shared matrix1() As Single = New Single() {124482, 187160, 196088, 253846, 55355, 217798, 257277, 264136, 264137, 124482, 187160, 196088, 253846, 55355, 217798, 257277, 264136, 264137, 187160, 196088, 253846, 55355, 217798, 257277, 264136, 264137, 187160, 196088, 253846, 55355, 217798, 257277, 264136, 264137}

public Shared matrix2() As Single = New Single() {124482, 187160, 196088, 253846, 55355, 217798, 257277, 264136, 264137, 124482, 187160, 196088, 253846, 55355, 217798, 257277, 264136, 264137, 124482, 187160, 196088, 253846, 55355, 217798, 257277, 264136, 264137, 124482, 187160, 196088, 253846, 55355, 217798, 257277, 264136, 264137}

public Shared matrix3() As Single = New Single() {124482, 187160, 196088, 253846, 55355, 217798, 257277, 264136, 264137, 124482, 196088, 253846, 55355, 217798, 257277, 264136, 264137, 124482, 196088, 253846, 55355, 217798, 257277, 264136, 264137, 124482, 196088, 253846, 55355, 217798, 257277, 264136, 264137}

public Shared matrix4() As Single = New Single() {124482, 187160, 196088, 253846, 55355, 217798, 257277, 264136, 264137, 124482, 187160, 196088, 253846, 55355, 217798, 257277, 264136, 264137, 196088, 253846, 55355, 217798, 257277, 264136, 264137, 196088, 253846, 55355, 217798, 257277, 264136, 264137}

public Shared matrix5() As Single = New Single() {124482, 187160, 196088, 253846, 55355, 217798, 257277, 264136, 264137, 124482, 187160, 196088, 253846, 55355, 217798, 257277, 264136, 264137, 124482, 187160, 196088, 253846, 55355, 217798, 257277, 264136, 264137, 124482, 187160, 196088, 253846, 55355, 217798, 257277, 264136, 264137}

  End Class
End Namespace
